
lenajdi =

   227   134   116
   226   133   115
   225   132   114

