
catdi =

   203   217   192
   211   225   200
   217   231   206

