
lenatdi =

   226   137   125
   226   137   125
   223   137   133

