
rectdi =

   174   167   175
   181   174   182
   171   166   172

