
lenabdi =

   227   134   116
   224   131   113
   224   132   110

