
lena_bmp =

  Columns 1 through 23

  129  129  129  129  129  129  129  129  129  129  129  129   86   86   86   86   86   86   86   86   86   86   86
  129  129  129  129  129  129  129  129  129  129  129  129   86   86   86   86   86   86   86   86   86   86   86
  129  129  129  129  129  129  129  129  129  129  129  129   86   86   86   86   86   86   86   86   86   86   86
  129  129  129  129  129  129  129  129  129  129  129  129   86   86   86   86   86   86   86   86   86   86   86
  129  129  129  129  129  129  129  129  129  129  129  129   86   86   86   86   86   86   86   86   86   86   86
  129  129  129  129  129  129  129  129  129  129  129  129   86   86   86   86   86   86   86   86   86   86   86
  129  129  129  129  129  129  129  129  129  129  129  129   86   86   86   86   86   86   86   86   86   86   86
  129  129  129  129  129  129  129  129  129  129  129  129   86   86   86   86   86   86   86   86   86   86   86
  129  129  129  129  129  129  129  129  129  129  129  129   86   86   86   86   86   86   86   86   86   86   86
  129  129  129  129  129  129  129  129  129  129  129  129   86   86   86   86   86   86   86   86   86   86   86
  129  129  129  129  129  129  129  129  129  129  129  129   86   86   86   86   86   86   86   86   86   86   86
  129  129  129  129   86   86  129  129  129  129  129  129   86   86   86   86   86   86   86   86   86   86   86
  129  129  129  129   86   86  129  129  129  129  129  129   86   86   86   86   86   86   86   86   86   86   86
  129  129  129   86   86   86  129  129  129  129  129  129   86   43   86   86   86   86   86   86   86   86   86
  129  129   86   86   86   86  129  129  129  129  129  129   86   43   86   86   86   86   86   86   86   86   86
  129  129   86   86   86   86  129  129  129  129  129  129   86   86   86   86   86   86   86   86   86   86   86
  129   86   86   86   86   86  129  129  129  129  129  129   86   86   86   86   86   86   86   86   86   86   86
  129   86   86   86   86   86  129  129  129  129  129  129   86   86   86   86   86   86   86   86   86   86   86
   86   86   86   86   86   86  129  129  129  129  129  129   86   86   86   86   86   86   86   86   86   86   86
   86   86   86   86   86   86  129  129  129  129  129  129   86   43   86   86   86   86   86   86   86   86   86
   86   86   86   86   86   86  129  129  129  129  129  129   86   86   86   86   86   86   86   86   86   86   86
   86   86   86   86   86   86  129  129  129  129  129  129   86   86   86   86   86   86   86   86   86   86   86
   86   86   86   86   86   86  129  129  129  129  129  129   86   43   86   86   86   86   86   86   86   86   86
   86   86   86   86   86   86  129  129  129  129  129  129   86   43   86   86   86   86   86   86   86   86   86
   86   86   86   86   86   86  129  129  129  129  129  129   86   43   86   86   86   86   86   86   86   86   86
   86   86   86   86   86   86  129  129  129  129  129  129   86   86   86   86   86   86   86   86   86   86   86
   86   86   86   86   86   86  129  129  129  129  129  129   86   86   86   86   86   86   86   86   86   86   86
   86   86   86   86   86   86  129  129  129  129  129  129   86   86   86   86   86   86   86   86   86   86   86
   86   86   86   86   86   86  129  129  129  129  129  129   86   86   86   86   86   86   86   86   86   86   86
   86   86   86   86   86   86  129  129  129  129  129  129   86   86   86   86   86   86   86   86   86   86   86
   86   86   86   86   86   86  129  129  129  129  129  129   86   86   86   86   86   86   86   86   86   86   86
   86   86   86   86   86   86  129  129  129  129  129  129   86   86   86   86   86   86   86   86   86   86   86
   86   86   86   86   86   86  129  129  129  129  129  129   86   86   86   86   86   86   86   86   86   86   86
   86   86   86   86   86   86  129  129  129  129  129  129   86   43   86   86   86   86   86   86   86   86   86
   86   86   86   86   86  129  129  129  129  129  129  129   86   43   86   86   86   86   86   86   86   86   86
   86   86   86   86   86  129  129  129  129  129  129  129   86   43   86   86   86   86   86   86   86   86   86
   86   86   86   86   86  129  129  129  129  129  129  129   86   86   86   86   86   86   86   86   86   86   86
   86   86   86   86   86  129  129  129  129  129  129  129   86   43   86   86   86   86   86   86   86   86   86
   86   86   86   86   86   86  129  129  129  129  129  129   86   43   86   86   86   86   86   86   86   86   86
   86   86   86   86   86   86  129  129  129  129  129  129   86   43   86   86   86   86   86   86   86   86   86
   86   86   86   86   86   86  129  129  129  129  129  129   86   43   86   86   86   86   86   86   86   86   86
   86   86   86   86   86   86  129  129  129  129  129  129   86   43   86   86   86   86   86   86   86   86   86
   86   86   86   86   86   86  129  129  129  129  129  129   86   43   86   86   86   86   86   86   86   86   86
   86   86   86   86   86   86  129  129  129  129  129  129   86   43   86   86   86   86   86   86   86   86   86
   86   86   86   86   86   86  129  129  129  129  129  129   86   43   86   86   86   86   86   86   86   86   86
   86   86   86   86   86   86  129  129  129  129  129  129   86   86   86   86   86   86   86   86   86   86   86
   86   86   86   86   86   86  129  129  129  129  129  129   86   86   86   86   86   86   86   86   86   86   86
   86   86   86   86   86   86  129  129  129  129  129  129   86   86   86   86   86   86   86   86   86   86   86
   86   86   86   86   86   86  129  129  129  129  129  129   86   86   86   86   86   86   86   86   86   86   86
   86   86   86   86   86   86  129  129  129  129  129  129   86   86   86   86   86   86   86   86   86   86   86
   86   86   86   86   86   86  129  129  129  129  129  129   86   86   86   86   86   86   86   86   86   86  129
   86   86   86   86   86   86  129  129  129  129  129  129   86   43   86   86   86   86   86   86   86  172  129
   86   86   86   86   43   86  129  129  129  172  129  129   86   86   86   86   86   86   86   86   43  129  129
   86   86   86   86   43   86  129  129  129  172  129  129   86   86   86   86   86   86   43   43   86  129  172
   86   86   86   86   43   86  129  129  129  172  129  129   86   86   86   86   86   86   86  129  129   86   86
   86   86   86   86   43   86  129  129  172  172  129  129   86   86   86   86   86   86  129  129   86   86   43
   86   86   86   86   43   86  129  129  129  172  129  129   86   86   86   86   86   86  129  129   86   43   43
   86   86   86   43   43   86  129  129  129  172  129  129   86   86   86   86  129  129   86   86   43   43   43
   86   43   43   43   43   86  129  129  129  129  129  129   86   86   86   86   86   86   86   86   86   86   86
   43   43   43   43   43   86  129  129  129  129  129  129   86   86   86   86   86   86   86   86   86   86   43
   86   86   43   43   43   86  129  129  129  129  129  129   86   43   86   86   86   86   86   86   86   43   86
   86   86   43   43   43   43  129  129  129  129  129  129   86   43   86   86   86   86   86   86   86   86   86
   86   86   43   43   43   86  129  129  129  129  129  129   86   86   86   86   86   86   86   86   43   86   86
   86   86   43   43   43   86  129  129  129  129  129  129   86   86   86   86   86   86   86   86   43   86   86
   86   43   43   43   43   86  129  129  129  129  129  129   86   86   86   86   86   43   86   43   86   43   86
   43   43   43   43   43   86  129  129  129  129  129  129   86   86   86   86  129   43   43   86   86   43   43
   43   43   43   43   43   86  129  129  129  129  129  129   86   43   86   86   86   43   86   43   43   43   43
   43   43   43   43   43   86  129  129  129  129  172  129   86   43   86   86   86   43   86   43   43   43   86
